114
0
110
198
107
0
49
0
0
119
149
104
77
0
43
0
63
23
0
34
0
0
0
0
0
167
70
53
138
25
0
102
0
0
168
182
45
104
0
80
0
190
0
158
157
0
0
34
83
30
57
10
0
0
0
0
101
0
0
0
0
106
0
0
0
166
0
172
159
82
0
189
75
184
27
198
0
0
0
32
0
99
72
15
0
0
0
50
146
0
0
119
125
131
14
38
0
56
0
64
0
0
123
0
40
0
169
27
0
120
0
86
0
0
29
0
145
153
0
54
0
85
124
109
0
141
48
38
0
184
0
0
0
0
0
170
74
192
0
29
194
0
102
74
0
107
197
172
37
152
0
0
0
0
194
10
168
190
154
136
0
182
199
0
0
173
0
0
150
0
85
0
182
138
0
194
196
48
159
0
45
0
0
137
41
127
144
28
116
0
0
0
0
0
0
194
0
157
189
57
58
0
159
0
0
0
0
156
130
0
186
0
0
0
0
0
48
0
194
100
106
0
0
0
0
54
0
135
0
0
86
191
158
175
0
171
0
0
182
28
194
0
0
84
34
73
198
0
0
181
75
139
0
0
167
0
0
123
0
0
0
0
0
138
90
0
119
0
0
0
60
48
0
177
162
0
0
118
186
55
0
0
0
0
100
104
74
0
0
0
168
173
0
166
0
0
62
45
0
172
125
85
0
64
0
155
0
0
0
0
0
0
0
73
0
0
142
179
37
0
0
121
0
71
96
194
44
0
0
184
0
0
51
40
0
153
0
82
131
0
57
0
69
184
91
0
13
0
0
66
89
30
184
124
0
0
0
133
23
0
39
0
0
0
0
26
0
161
0
134
0
10
60
0
94
104
94
20
39
0
0
0
13
182
0
0
0
0
195
71
0
80
177
0
0
0
0
17
139
0
41
0
0
61
0
0
0
0
94
0
107
0
0
0
0
0
66
0
0
0
0
61
0
187
66
0
193
20
0
0
168
45
0
147
118
0
0
0
0
190
0
75
0
0
111
0
0
159
40
91
0
0
113
111
0
0
155
37
117
0
57
89
71
197
97
0
0
72
0
0
191
0
0
0
0
0
0
0
0
50
11
0
0
0
71
147
60
101
185
0
0
0
126
0
0
55
14
105
0
179
182
0
0
81
18
175
0
0
0
178
0
0
0
0
182
33
0
28
70
0
0
0
152
189
0
30
81
64
0
185
113
192
71
0
0
0
0
146
0
160
0
33
0
184
0
0
31
0
0
0
119
0
134
114
0
0
0
0
0
117
187
85
0
0
0
0
0
0
91
127
0
0
0
0
56
63
0
0
38
0
108
13
0
0
0
149
69
0
19
171
0
60
0
98
0
89
69
42
0
110
0
34
196
27
0
0
19
0
0
0
163
157
155
122
41
0
0
0
0
0
0
43
0
168
0
55
56
0
0
0
180
0
64
167
25
125
0
34
116
126
165
0
0
46
0
0
123
0
102
0
0
0
0
0
0
121
45
46
0
0
20
0
0
33
34
182
45
133
119
76
199
59
0
0
0
0
0
84
91
0
0
0
0
0
152
0
0
106
129
20
0
0
0
32
0
116
0
0
0
0
116
0
63
117
0
0
0
199
0
0
0
151
144
30
0
44
83
178
24
54
173
0
75
19
95
0
0
0
0
0
0
121
91
107
75
0
196
132
93
145
144
0
192
167
0
185
16
17
0
121
166
63
89
0
116
0
0
0
0
51
0
39
0
0
159
127
0
199
0
0
0
34
81
0
0
0
0
0
81
64
0
71
0
0
0
157
0
181
12
53
10
0
187
0
0
36
0
44
0
96
110
0
80
0
0
108
119
111
0
154
152
111
0
93
0
0
0
191
113
0
0
161
0
22
0
92
140
0
195
178
0
0
42
0
46
129
0
0
0
50
134
26
148
0
135
0
0
0
88
140
121
0
0
0
43
82
0
0
15
0
0
0
200
0
46
0
0
0
119
0
31
0
0
29
0
0
0
0
0
0
150
0
0
46
0
0
0
69
63
94
0
0
0
99
184
196
0
40
56
138
41
0
106
0
34
0
192
0
0
0
0
55
0
0
25
165
66
148
99
185
129
0
171
193
106
55
111
0
0
198
0
0
41
161
141
0
112
111
99
0
0
101
0
148
184
0
86
0
0
146
10
0
62
90
52
0
151
0
0
61
148
118
40
166
26
0
0
0
67
34
0
135
91
133
0
77
0
41
0
68
0
0
0
54
143
0
0
0
147
0
0
0
90
0
0
0
0
0
89
0
0
12
0
0
171
128
0
155
97
0
0
43
193
95
0
0
115
163
0
0
0
0
37
0
0
0
80
0
117
0
0
0
0
177
88
0
0
64
32
106
73
66
43
171
62
28
0
0
24
0
0
73
0
72
47
54
0
0
158
0
60
53
0
0
198
36
0
44
0
0
0
0
0
11
0
27
174
0
179
79
0
0
0
33
56
54
90
143
48
107
0
0
170
171
166
0
0
75
51
0
150
0
101
0
0
73
0
59
147
0
102
37
0
0
148
0
29
92
0
0
0
105
84
177
97
0
182
0
124
0
0
158
49
40
84
30
0
0
172
183
146
0
0
0
196
159
0
15
0
0
113
167
0
118
47
128
94
0
0
14
0
0
0
68
73
172
131
0
0
0
0
0
193
0
0
56
123
103
164
69
0
76
0
112
0
184
0
99
175
122
106
180
0
127
0
0
0
145
0
172
0
10
0
46
0
82
0
0
105
0
0
0
0
0
100
127
183
0
35
0
134
121
146
156
118
0
0
155
0
0
0
0
0
159
0
0
0
0
23
182
0
67
167
26
0
0
32
0
0
160
0
56
0
0
51
0
0
58
0
0
94
0
200
187
190
95
64
30
0
0
0
0
133
158
47
180
0
112
121
0
0
0
37
19
108
0
122
0
0
0
0
22
0
0
0
30
178
0
0
188
0
88
104
101
140
0
121
102
0
82
0
0
0
59
0
0
19
83
0
184
0
0
69
64
0
0
0
18
0
0
0
173
0
0
0
0
0
0
64
68
39
0
0
0
0
17
181
0
0
0
0
0
0
62
0
0
0
142
153
130
124
0
0
182
186
164
0
0
57
115
75
0
51
84
83
0
0
0
0
0
197
0
75
0
126
84
0
14
0
0
121
182
0
0
54
0
0
0
115
0
0
0
193
68
0
66
0
0
139
79
190
0
0
55
0
123
114
0
16
0
0
0
157
132
0
0
0
0
0
0
43
0
0
0
0
181
0
0
185
0
0
0
0
0
0
0
122
115
149
0
91
0
0
72
0
0
182
37
0
0
126
78
0
0
154
161
0
65
198
0
0
195
0
131
0
0
0
0
0
138
0
0
0
130
164
26
74
89
0
88
0
0
0
175
67
0
0
0
0
0
145
0
64
0
0
0
0
0
43
179
0
13
0
0
159
0
0
0
0
0
136
0
0
192
0
0
69
142
0
0
0
0
0
0
62
197
0
80
52
0
0
108
0
0
0
58
51
0
37
0
194
41
45
62
0
0
95
63
0
17
0
0
13
0
0
0
0
40
0
17
95
68
74
66
165
0
0
0
97
0
89
64
0
84
59
0
0
162
0
65
0
0
140
58
0
0
64
46
13
146
0
0
129
0
16
75
0
0
197
171
46
0
0
0
0
0
80
65
0
0
0
0
0
155
178
107
28
0
29
0
167
0
71
34
156
0
153
52
0
132
135
0
156
188
0
55
0
0
197
133
29
193
152
0
186
162
0
27
161
0
0
179
0
0
171
0
0
32
62
0
0
0
70
57
0
149
196
0
0
0
175
31
165
0
140
45
0
0
0
119
72
0
173
0
20
0
28
142
83
0
22
61
195
175
152
173
0
46
0
0
0
39
0
0
64
155
81
129
0
148
0
131
0
0
45
0
60
41
101
0
159
123
195
0
49
0
22
123
0
12
75
0
0
0
0
0
0
0
0
0
0
161
0
0
0
0
0
0
172
0
63
0
0
106
177
40
144
153
36
0
12
13
84
0
46
0
0
0
147
112
0
0
28
0
0
110
188
55
0
35
0
0
0
0
0
80
0
0
0
39
42
191
0
148
86
0
0
0
0
136
0
0
0
152
111
0
0
160
0
40
181
0
80
0
142
0
0
0
0
0
126
0
171
132
17
92
0
0
143
0
13
0
0
0
132
181
52
0
11
172
163
16
0
111
0
166
41
0
131
100
0
116
190
19
0
115
198
193
0
67
12
0
0
0
0
100
0
40
125
0
150
51
0
163
0
0
84
67
110
91
0
134
46
30
0
0
24
0
0
0
0
87
183
33
0
56
91
70
0
0
168
0
120
0
114
113
0
0
117
131
0
195
0
194
0
23
0
59
166
190
0
36
89
0
52
153
166
0
0
0
87
42
0
0
0
0
38
63
0
0
183
0
14
0
0
0
0
0
0
177
115
0
0
138
0
80
0
0
0
54
0
0
0
48
38
194
105
0
32
0
189
0
0
0
36
0
0
0
23
181
0
139
185
119
157
31
42
116
0
0
91
102
0
0
0
42
0
187
78
155
0
98
0
151
133
0
0
137
0
171
0
0
0
0
144
180
110
0
28
0
129
0
20
0
61
106
0
0
177
0
0
200
0
0
118
92
0
29
